1 9 12 2
3 5 13 3
4 9 9 1
7 5 8 0
13 4 12 3
15 4 8 1
17 4 2 1
20 1 2 0
21 9 9 3
23 9 6 2
27 10 13 2
28 4 0 1
35 3 12 2
36 8 13 2
37 7 5 3
39 7 8 0
41 0 7 0
42 14 6 1
45 15 6 2
47 4 6 1
49 8 3 2
51 12 1 0
53 6 1 0
54 10 10 1
55 4 5 0
57 12 2 1
58 11 7 3
59 4 7 2
60 7 10 2
62 6 7 0
63 10 11 0
64 6 12 3
67 7 2 0
69 3 1 1
70 6 2 1
72 5 10 0
73 8 8 1
74 0 12 3
75 10 8 1
76 9 14 2
77 2 6 3
79 11 6 2
80 4 5 2
81 9 6 0
82 5 3 3
83 9 1 1
85 2 1 0
86 9 11 3
89 6 6 3
90 15 1 1
91 7 5 1
92 1 10 0
94 10 1 0
95 3 8 0
97 14 2 1
99 3 6 2
100 6 11 0
101 8 5 2
102 0 5 0
103 10 5 0
105 7 1 1
112 1 3 3
113 11 11 3
114 3 0 0
116 4 13 2
117 12 9 0
118 6 10 1
119 4 14 3
120 4 7 0
121 4 6 3
122 9 4 0
125 6 7 2
127 12 13 2
133 11 2 0
134 0 10 3
135 4 1 0
138 14 9 2
141 12 5 0
142 12 14 3
145 4 3 2
147 4 10 3
148 8 0 1
149 14 11 2
150 9 2 0
151 7 6 2
154 11 4 0
155 9 7 1
156 6 3 2
157 3 11 1
158 10 3 2
159 2 5 0
162 11 6 0
164 3 9 1
165 3 3 1
168 11 9 3
169 12 11 0
171 12 3 2
173 15 10 2
174 12 0 1
177 3 3 3
178 14 7 2
179 9 7 3
180 12 4 3
182 4 4 1
184 14 4 1
185 7 3 3
187 5 10 2
188 12 7 2
189 14 3 2
190 5 7 1
191 8 11 0
193 4 9 0
194 3 7 1
195 12 6 3
196 3 5 3
197 10 10 3
199 11 12 2
201 4 11 2
203 4 9 2
204 3 8 2
206 11 1 1
207 10 6 3
210 12 5 2
212 12 8 1
213 5 12 2
216 7 13 3
218 1 7 3
219 13 11 1
220 3 13 3
221 11 10 0
222 7 7 3
225 15 5 1
226 15 11 1
227 12 10 3
230 8 4 3
234 9 3 3
237 5 9 3
239 9 5 1
241 3 14 2
242 7 0 0
243 11 3 3
244 13 4 2
245 11 7 1
246 10 4 1
247 10 9 2
248 9 10 2
249 5 5 1
250 2 10 3
251 11 11 1
253 5 4 0
256 6 9 0
259 9 11 1
261 0 1 0
262 7 12 2
263 5 6 2
265 6 5 2
267 3 5 1
268 11 5 3
269 13 10 2
270 12 8 3
272 1 5 3
274 1 0 0
275 1 13 3
276 12 9 2
277 2 4 3
280 5 0 0
281 9 8 0
282 6 0 1
283 6 13 2
284 14 8 1
285 5 9 1
286 0 11 0
287 11 13 3
289 3 2 0
292 5 11 3
294 1 8 0
295 11 3 1
296 3 10 2
298 15 14 2
299 8 1 0
300 4 4 3
301 11 9 1
303 13 6 2
305 12 11 2
307 10 4 3
308 9 3 1
311 3 11 3
312 9 5 3
314 10 0 1
315 10 7 2
316 7 3 1
318 2 8 3
321 3 4 2
322 14 5 2
323 5 5 3
324 0 4 3
326 13 7 1
327 5 11 1
328 10 2 1
330 0 6 3
331 13 5 1
332 5 2 0
333 5 14 2
335 3 9 3
336 12 6 1
337 5 1 1
338 11 8 0
339 15 9 1
340 5 4 2
342 2 9 0
343 13 12 2
344 9 4 2
347 4 11 0
348 15 12 2
349 10 12 3
350 8 10 3
351 8 5 0
352 7 9 1
353 10 7 0
354 15 8 2
356 5 3 1
357 2 11 0
359 6 9 2
360 12 3 0
361 8 12 3
362 12 7 0
366 8 6 1
369 2 12 3
370 0 14 3
371 11 10 2
373 13 9 1
374 14 13 2
375 8 8 3
378 11 0 0
379 7 9 3
380 3 4 0
382 8 7 2
384 8 10 1
385 6 14 3
388 10 5 2
389 8 2 1
390 15 3 1
392 0 9 0
396 0 3 0
398 15 7 1
399 8 9 2
401 4 10 1
402 7 7 1
404 6 4 3
405 12 12 3
407 6 4 1
408 15 4 2
409 13 1 1
410 12 4 1
413 8 7 0
414 14 0 1
415 5 7 3
417 0 8 3
420 7 11 3
421 10 8 3
422 1 6 0
425 11 4 2
426 9 0 0
431 6 5 0
432 7 10 0
433 3 10 0
434 6 10 3
436 4 8 3
437 7 14 2
438 10 14 3
439 12 10 1
440 1 4 0
441 7 4 0
442 2 7 0
445 10 6 1
446 8 14 3
448 8 11 2
449 2 3 0
450 7 4 2
453 2 14 3
454 8 9 0
456 10 11 2
457 8 6 3
460 13 8 2
461 3 6 0
464 6 3 0
466 4 3 0
467 3 7 3
469 10 9 0
472 7 8 2
473 6 8 1
475 9 13 3
476 7 11 1
477 11 5 1
478 7 6 0
480 1 11 3
483 5 6 0
484 8 3 0
485 6 6 1
486 13 3 1
488 1 9 3
489 10 3 0
491 9 8 2
494 6 8 3
497 14 10 1
498 5 8 2
499 8 4 1
500 6 11 2
501 11 8 2
504 13 14 2
506 11 14 2
508 9 10 0
513 5 12 3
516 8 12 2
518 9 10 1
519 6 8 0
521 9 13 2
522 2 2 0
524 3 5 2
526 5 14 3
527 4 8 0
530 7 5 2
534 14 6 2
535 4 7 1
536 4 5 3
537 11 6 3
539 4 13 3
542 7 1 0
543 10 11 1
546 2 5 3
549 10 9 1
551 10 6 2
553 9 2 1
554 4 1 1
555 9 10 3
556 0 0 0
558 1 14 3
559 11 1 0
560 7 2 1
561 14 7 1
563 8 8 0
566 7 13 2
569 4 0 0
571 6 11 1
572 5 7 0
574 5 7 2
575 11 13 2
576 5 9 0
579 10 12 2
581 0 8 0
583 11 2 1
585 9 8 1
587 7 6 3
590 4 12 2
591 6 6 2
594 14 10 2
597 12 9 3
598 3 4 1
601 4 10 2
602 11 8 1
604 14 5 1
606 12 3 3
607 4 5 1
608 0 2 0
609 13 9 2
611 5 1 0
613 3 9 2
615 10 5 3
616 3 3 2
617 1 6 3
618 13 11 2
619 9 3 2
621 12 4 0
622 3 12 3
623 3 5 0
627 12 1 1
628 11 8 3
630 11 14 3
632 8 10 2
633 9 6 3
635 5 8 1
637 2 9 3
638 11 7 2
639 9 11 0
641 0 5 3
643 3 0 1
645 13 6 1
646 6 2 0
647 4 6 2
648 5 2 1
649 5 11 0
650 4 4 2
651 1 11 0
653 6 1 1
654 5 10 1
655 9 5 0
656 4 2 0
659 8 7 1
660 11 7 0
662 4 3 3
663 12 6 2
665 10 1 1
667 2 7 3
669 0 13 3
671 3 10 3
672 5 5 2
674 1 1 0
675 13 8 1
677 5 4 3
678 12 10 2
679 9 0 1
680 1 4 3
681 5 13 2
683 11 12 3
684 10 8 0
685 2 0 0
686 14 12 2
687 8 9 3
692 8 11 3
693 9 1 0
694 3 11 0
695 2 8 0
699 7 7 2
701 9 7 2
702 7 4 1
703 13 13 2
704 6 13 3
706 9 5 2
709 15 5 2
711 7 9 2
713 7 8 1
714 9 7 0
715 14 1 1
719 5 6 3
720 11 3 0
722 7 0 1
724 0 7 3
727 13 4 1
728 4 10 0
729 10 14 2
730 6 14 2
731 8 13 3
732 14 11 1
733 8 5 1
734 10 7 1
736 8 11 1
737 6 4 2
738 2 13 3
739 5 0 1
740 1 9 0
741 15 13 2
743 15 8 1
744 4 11 1
745 12 5 1
746 11 9 0
747 8 6 0
748 6 9 1
749 9 12 3
752 10 4 2
753 0 10 0
755 6 7 3
756 15 0 1
757 10 0 0
758 7 10 3
759 7 5 0
760 2 4 0
761 3 7 0
762 4 7 3
763 10 13 3
764 8 4 0
768 8 9 1
770 3 2 1
773 0 11 3
780 10 6 0
781 15 2 1
782 3 1 0
787 11 5 0
789 15 9 2
792 11 10 3
793 3 7 2
795 11 11 0
798 3 13 2
799 5 5 0
800 6 10 0
802 8 14 2
803 4 9 1
804 6 11 3
805 8 2 0
806 4 11 3
807 6 3 1
808 6 5 3
810 2 10 0
812 4 3 1
813 7 6 1
814 9 8 3
815 8 6 2
816 14 3 1
817 0 4 0
818 7 4 3
819 15 3 2
820 1 7 0
822 7 11 0
823 1 5 0
824 7 3 2
827 7 7 0
828 12 3 1
829 10 4 0
830 6 10 2
833 3 8 1
834 10 9 3
835 0 9 3
836 3 11 2
838 12 2 0
840 7 12 3
841 11 5 2
842 8 1 1
843 10 2 0
844 0 6 0
846 12 10 0
849 12 6 0
852 15 6 1
855 8 3 3
858 12 4 2
861 8 0 0
862 13 3 2
863 9 9 2
865 12 5 3
866 3 4 3
867 12 13 3
873 4 9 3
874 5 3 2
875 15 11 2
876 15 7 2
878 12 9 1
882 3 10 1
883 13 0 1
885 11 3 2
886 5 8 3
887 9 6 1
889 13 7 2
890 6 4 0
891 10 5 1
892 5 6 1
898 0 3 3
900 7 9 0
901 3 6 1
903 12 7 3
905 1 12 3
906 10 11 3
907 3 9 0
908 8 4 2
909 15 10 1
910 2 3 3
911 12 12 2
913 14 8 2
914 5 10 3
919 5 9 2
920 11 11 2
921 12 0 0
923 8 7 3
924 9 4 3
925 10 3 3
926 9 4 1
930 4 14 2
931 6 12 2
932 10 3 1
933 13 5 2
934 11 4 3
935 3 8 3
936 12 7 1
938 14 9 1
940 6 0 0
941 12 8 0
942 11 9 2
944 7 10 1
945 14 14 2
946 5 4 1
947 11 4 1
950 11 10 1
951 9 14 3
952 3 14 3
953 10 10 2
954 4 4 0
956 2 11 3
957 7 8 3
958 13 10 1
960 9 11 2
962 1 3 0
963 15 4 1
964 8 5 3
966 4 6 0
968 7 3 0
969 3 6 3
970 6 3 3
971 6 5 1
972 13 2 1
974 12 11 3
976 1 10 3
978 9 3 0
979 2 6 0
981 11 0 1
982 10 7 3
985 4 8 2
986 5 11 2
987 12 11 1
989 6 9 3
990 10 8 2
992 7 11 2
994 12 8 2
995 9 9 0
996 3 3 0
998 8 3 1
1000 14 4 2
1001 5 3 0
1002 11 6 1
1004 6 8 2
1008 7 14 3
1009 8 8 2
1010 6 7 1
1012 1 8 3
1013 6 6 0
1016 8 10 0
1018 10 10 0
1020 12 14 2
